100
10 9
1 9 2 10 3 8 5 7 4
10 5
6 8 4 2 1
10 6
1 4 7 9 2 6
10 7
5 8 6 9 4 2 1
10 7
4 9 3 8 1 2 7
10 6
3 1 9 6 8 7
10 3
4 6 8
10 6
9 3 8 5 7 10
10 0

100 52
5 67 23 81 58 20 57 68 83 74 79 32 92 95 76 36 31 16 93 94 15 14 22 10 6 90 91 46 54 4 7 8 50 88 70 34 75 42 29 87 59 17 51 11 85 69 21 37 27 63 3 64
100 60
92 25 66 16 24 67 39 90 89 3 70 65 11 32 73 88 95 7 21 5 31 44 69 83 2 71 42 68 28 94 17 75 48 54 91 29 38 79 57 10 80 19 18 97 98 58 61 74 53 34 14 60 36 49 93 8 72 84 4 82
100 45
91 65 48 77 15 64 51 63 53 10 30 32 12 98 1 21 88 81 8 55 95 34 61 7 67 78 73 42 46 56 90 20 6 44 45 19 85 83 70 33 24 76 62 41 60
100 31
42 12 95 26 85 76 10 79 22 70 46 60 52 4 87 74 6 50 19 69 31 88 32 56 94 80 27 75 20 61 35
100 57
90 79 78 13 50 31 54 27 22 69 64 46 66 55 40 36 15 53 48 4 76 28 100 56 25 72 21 84 68 33 62 52 75 44 19 43 93 11 47 63 45 92 17 38 18 94 9 86 95 37 41 61 1 51 39 77 99
100 9
20 73 18 83 97 4 55 84 99
100 85
92 6 77 20 86 95 34 97 30 44 69 2 89 51 53 66 52 58 33 35 65 94 5 96 80 11 7 16 28 91 71 93 25 46 31 39 13 61 45 100 87 24 48 15 18 82 64 22 99 50 12 68 57 55 75 54 84 70 19 10 8 37 73 81 83 49 85 4 62 43 38 63 1 56 76 36 60 23 90 41 72 78 14 67 26
100 80
36 49 81 80 52 28 12 78 91 4 56 82 53 92 63 6 9 84 88 75 2 66 69 73 87 50 39 68 70 55 58 94 34 38 19 100 41 40 43 7 65 13 76 47 89 97 20 96 44 60 83 29 5 11 90 10 51 1 61 71 42 37 31 45 22 35 74 48 98 79 23 30 3 64 93 27 16 54 14 17
100 16
61 64 45 16 9 28 68 3 46 53 19 74 31 34 25 22
100 43
96 68 52 15 39 48 51 14 18 93 16 27 98 54 36 25 40 56 8 49 12 69 74 91 45 97 66 60 20 76 6 73 61 88 5 63 67 1 41 46 58 95 100
100 71
71 33 51 99 6 87 58 26 81 70 37 18 77 39 65 93 24 67 66 100 35 89 80 42 32 8 57 79 50 31 41 2 29 84 90 49 52 38 45 28 61 36 56 16 48 92 72 53 44 68 5 95 86 34 40 1 14 54 17 60 47 11 25 20 10 96 59 55 74 43 7
100 44
8 18 95 13 97 62 48 49 25 56 71 46 58 69 40 92 98 47 31 15 5 59 74 61 83 86 87 20 54 76 72 79 53 100 43 29 68 89 38 14 78 4 51 36
100 36
40 2 84 87 74 88 69 21 79 73 24 65 71 38 45 52 23 90 83 5 33 18 56 12 66 78 27 20 36 34 89 14 70 48 67 58
100 12
81 60 74 21 48 71 59 49 58 79 24 92
100 68
37 3 30 90 33 94 54 36 17 31 87 97 71 74 42 63 20 44 23 92 26 64 86 16 45 1 48 65 62 10 57 13 47 78 27 40 21 85 56 70 39 77 49 68 82 43 7 52 75 91 53 29 12 89 73 25 99 72 83 61 24 98 28 76 46 2 34 100
100 76
62 28 18 91 57 82 51 79 99 87 24 25 73 92 8 78 58 84 86 97 39 36 95 22 46 34 94 30 88 27 75 15 77 74 45 42 96 71 7 48 43 81 47 20 3 2 11 60 1 53 4 66 6 67 49 80 56 37 52 13 68 38 55 89 26 33 16 9 12 5 70 100 19 23 14 76
100 74
92 8 5 27 57 62 74 71 23 10 65 25 69 95 6 17 20 90 99 19 7 2 37 91 67 13 35 43 31 33 26 30 44 22 64 24 21 14 80 60 86 47 49 66 76 50 79 100 93 29 42 32 34 15 59 52 77 96 82 56 72 84 63 58 3 88 70 36 81 46 39 1 11 55
100 52
38 86 58 27 23 72 46 37 54 25 53 75 65 45 51 33 96 48 60 99 79 55 67 49 76 68 50 74 28 8 57 3 40 29 63 13 56 32 5 95 7 41 16 21 91 31 64 2 20 12 1 19
100 33
41 3 73 57 33 50 67 22 64 82 61 93 98 49 29 65 85 15 30 51 69 96 13 70 1 25 31 47 77 99 38 79 20
100 51
16 72 50 54 74 85 94 13 87 11 57 71 17 31 18 51 81 22 100 53 7 35 24 42 56 62 55 90 44 36 63 1 40 83 29 33 70 5 84 89 75 12 93 86 98 34 78 48 32 88 6
100 67
5 79 38 9 52 12 45 90 75 28 56 43 30 66 87 89 94 81 23 63 76 88 19 77 39 4 55 26 27 2 96 86 100 72 29 91 6 46 85 32 20 21 16 31 97 50 11 42 51 80 62 58 33 61 78 47 74 49 83 82 95 37 14 65 10 99 17
100 53
91 21 73 65 4 31 43 3 99 51 58 72 27 26 59 9 82 89 70 64 24 60 10 29 61 62 96 57 84 37 69 40 63 2 11 66 1 17 71 52 45 42 92 12 56 14 74 94 48 87 85 80 78
100 86
78 97 8 26 94 25 33 73 90 96 41 67 14 43 72 76 54 92 61 51 49 87 11 52 38 28 1 81 36 34 75 12 39 46 48 89 56 85 4 20 23 71 91 74 63 16 7 21 19 69 29 40 83 50 3 2 77 64 31 86 42 66 100 27 53 65 95 24 80 9 70 68 13 99 15 88 93 30 18 37 58 60 79 35 22 98
100 86
51 69 90 18 68 82 46 33 20 91 16 56 74 48 5 3 8 67 58 95 1 11 17 66 57 71 96 10 15 23 4 43 36 80 100 27 41 63 52 31 38 22 55 13 30 72 62 89 70 32 34 81 24 7 42 73 45 92 99 26 50 83 29 9 25 93 77 79 54 14 60 6 28 44 59 86 98 19 2 76 87 61 49 85 40 37
100 4
83 25 100 85
100 74
32 54 66 63 61 97 100 4 8 71 26 76 80 55 2 6 52 89 24 51 49 16 58 93 75 39 35 7 86 28 90 74 79 14 46 62 31 10 29 72 5 99 11 69 81 44 12 82 60 45 98 57 23 42 41 95 25 30 77 17 88 9 92 22 59 96 73 91 94 15 48 83 18 70
100 86
1 51 43 93 78 63 24 13 96 46 80 7 56 21 40 100 14 66 30 57 85 44 48 81 28 94 4 8 69 18 25 55 32 67 91 15 73 23 71 53 37 27 2 20 75 19 5 9 92 36 70 89 12 31 54 76 84 74 95 64 90 38 98 3 6 68 59 77 97 83 26 29 49 17 16 45 62 65 88 60 58 50 87 99 52 42
100 44
8 14 15 82 22 42 70 62 94 86 93 20 66 100 24 95 83 52 64 69 58 2 89 12 97 44 49 32 59 53 60 71 91 88 4 11 81 72 7 74 76 63 84 9
100 42
70 5 52 55 58 41 25 33 23 26 64 94 17 69 13 2 43 68 80 31 39 99 16 9 76 21 90 98 61 50 60 66 29 100 27 63 46 92 86 57 35 3
100 61
94 72 5 99 36 15 20 30 76 6 47 86 77 83 91 40 89 44 61 55 87 66 33 18 27 22 52 80 2 93 59 67 48 65 45 62 74 97 96 78 98 95 71 28 35 8 23 32 84 41 29 79 14 9 38 53 51 10 26 82 63
100 42
73 63 79 22 51 7 15 68 42 46 58 98 18 56 14 71 35 20 80 54 29 27 61 17 2 9 83 41 60 91 62 86 49 31 34 23 76 74 94 93 78 65
100 47
12 6 21 87 7 30 59 10 16 94 5 45 67 56 37 68 31 100 41 73 27 62 38 43 23 11 46 64 40 85 58 28 91 60 84 8 79 36 49 55 54 90 17 98 18 42 52
100 12
28 13 94 64 7 100 69 1 67 99 82 36
100 56
100 89 30 93 40 21 80 3 84 58 47 32 56 85 63 78 24 38 73 39 37 16 83 61 13 94 23 90 57 20 46 66 10 60 29 5 4 59 70 35 18 19 51 34 6 74 64 17 99 77 1 65 2 69 96 53
100 84
29 64 70 24 83 17 39 43 73 56 31 14 65 81 33 99 76 90 97 50 8 27 88 7 35 12 46 28 5 53 52 20 6 45 100 93 57 87 11 95 84 55 4 96 92 26 3 13 37 16 59 44 41 69 47 67 71 86 91 42 18 2 1 36 94 80 74 54 23 60 10 62 40 21 77 75 68 89 98 9 32 51 66 19
100 78
23 2 56 42 8 65 49 57 68 16 20 96 22 26 59 79 41 36 74 66 81 30 7 55 98 5 32 91 69 76 19 77 89 25 14 3 100 58 13 61 90 46 12 21 71 45 53 72 48 28 54 62 6 60 92 9 50 51 75 39 99 40 4 84 93 87 35 34 83 86 38 29 67 47 97 82 18 43
100 88
3 47 42 63 13 4 89 73 17 28 71 92 83 39 36 54 64 23 56 66 11 61 50 52 20 91 16 88 26 79 38 29 96 8 65 15 10 32 40 70 37 60 90 95 82 33 19 45 80 49 1 62 31 100 12 55 30 48 41 24 14 57 2 76 84 81 21 9 78 27 6 43 75 44 5 99 68 87 69 18 85 51 67 77 58 59 22 98
100 10
2 67 70 3 65 90 27 18 24 36
100 93
91 69 58 66 57 19 84 85 48 45 94 13 35 64 76 95 46 8 80 79 15 54 41 25 18 51 22 30 62 52 14 73 36 75 100 97 16 5 9 26 29 77 81 38 56 82 31 65 63 34 89 37 43 47 70 53 3 23 27 99 96 67 49 98 7 33 50 42 10 92 87 17 74 61 4 93 59 60 55 6 24 20 2 32 39 72 40 68 78 88 1 83 90
100 70
19 32 13 30 81 36 39 82 58 71 61 14 67 88 72 91 70 63 5 23 41 51 3 65 6 53 96 77 55 99 93 68 89 54 27 48 100 52 79 83 45 78 25 12 46 8 59 22 84 90 33 43 2 42 95 47 86 74 1 18 16 31 66 49 97 62 9 17 50 7
100 77
94 22 80 73 63 8 74 19 21 97 48 32 3 95 81 76 60 87 49 62 58 11 10 45 71 29 35 40 69 25 90 84 44 39 89 41 31 14 99 16 20 9 2 86 83 52 79 85 30 65 6 46 54 27 51 68 78 92 1 82 43 67 34 64 17 26 7 23 13 98 66 42 59 36 12 53 72
100 86
49 85 46 12 96 78 8 50 17 65 83 6 24 20 16 95 44 26 7 13 55 86 4 87 42 60 1 2 15 76 63 80 34 79 19 88 48 92 23 90 93 77 11 58 39 57 37 27 97 31 66 61 36 89 10 29 64 33 54 71 94 100 43 82 14 59 56 98 51 3 18 21 91 5 28 73 22 41 67 47 52 38 81 32 62 68
100 87
29 37 89 44 18 67 14 69 39 32 95 20 38 64 15 77 97 83 47 86 84 3 10 74 90 56 96 33 30 55 24 27 92 6 61 42 93 5 76 62 100 79 91 36 75 53 21 87 49 31 2 65 58 82 45 35 98 34 16 57 9 70 19 51 17 28 40 23 25 12 80 41 22 81 73 94 46 85 66 54 71 52 26 1 78 63 13
100 53
52 6 29 39 9 99 18 37 48 44 64 7 33 86 96 53 13 45 82 38 75 12 27 50 47 42 72 88 54 94 34 14 15 93 43 55 10 83 26 57 66 21 60 2 92 70 76 62 91 30 22 41 68
100 89
55 35 12 50 69 66 34 65 90 8 48 27 51 94 43 96 93 13 67 70 82 89 53 46 41 59 95 85 84 73 61 81 57 79 56 36 91 64 39 18 38 75 78 63 5 71 45 20 68 98 86 99 97 49 4 1 54 92 42 2 23 77 52 6 72 80 22 29 58 11 19 32 76 15 24 10 60 40 26 44 74 100 88 87 47 28 25 31 33
100 52
64 19 12 41 44 77 14 68 80 15 62 99 55 57 66 31 81 38 91 88 98 28 94 49 32 33 17 69 54 21 3 46 25 7 83 75 37 13 97 50 6 30 9 26 89 20 42 79 11 45 23 70
100 37
11 32 90 36 93 81 34 70 22 96 52 78 86 5 51 60 38 68 25 30 66 77 79 8 7 46 94 98 15 35 71 92 47 55 13 19 39
100 83
97 60 48 30 85 15 5 57 69 70 37 41 96 25 19 94 87 24 11 17 34 98 56 26 89 33 68 75 12 86 44 3 88 9 67 22 31 47 16 100 77 14 51 62 92 99 61 72 82 73 81 71 23 36 95 21 10 29 93 2 52 32 39 46 80 43 4 58 84 7 18 55 63 64 79 90 78 42 13 91 28 83 27
100 30
57 9 91 59 50 27 88 78 80 34 87 29 49 3 71 21 73 79 4 32 31 41 55 70 12 44 64 15 63 93
100 66
85 19 34 43 16 100 72 79 53 54 51 32 61 26 73 35 23 67 7 88 92 62 30 52 2 8 15 22 44 80 14 87 21 6 65 93 9 13 27 18 36 31 20 12 55 90 60 75 39 84 66 99 40 17 41 4 56 1 59 63 57 97 71 37 74 49
100 60
95 4 16 88 40 31 30 78 74 28 65 58 21 49 26 64 10 2 34 33 100 35 43 87 45 37 50 24 42 94 60 53 44 39 72 25 13 86 56 81 77 70 67 90 29 9 15 23 19 1 17 83 27 51 76 73 89 96 52 55
100 25
61 74 79 4 62 21 30 76 38 100 8 5 32 90 45 2 64 16 14 63 44 24 34 18 71
100 10
94 29 31 49 67 51 55 24 35 42
100 74
37 33 96 97 6 80 44 47 12 39 66 77 89 68 14 85 10 55 26 73 62 58 1 86 36 5 15 70 64 94 92 45 53 99 76 23 3 84 54 88 56 11 87 57 21 46 8 93 29 4 2 18 27 91 7 63 72 43 98 48 71 61 22 13 100 67 75 38 81 90 95 24 34 28
100 50
75 62 3 19 65 49 9 57 61 71 81 8 13 27 52 94 35 88 89 33 25 40 31 18 85 68 91 12 82 92 64 84 24 23 30 41 45 6 79 34 17 5 38 51 80 39 20 48 7 90
100 45
25 38 74 30 68 43 31 83 64 60 55 34 44 76 41 35 78 77 8 53 22 87 17 96 97 95 29 4 21 27 33 61 52 50 3 65 85 28 88 90 45 1 98 7 26
100 18
15 89 59 26 16 66 18 6 7 9 92 25 50 90 88 69 35 91
100 88
19 83 81 50 30 35 28 70 88 29 37 86 40 75 5 78 76 13 80 53 94 55 58 3 63 23 90 33 82 11 46 7 84 92 9 71 22 44 91 25 85 20 87 65 52 48 62 38 64 99 10 24 69 59 68 12 41 6 93 18 73 95 45 79 32 43 97 51 67 42 26 74 54 4 60 72 56 47 2 17 96 1 16 21 57 27 77 100
100 90
27 68 7 35 63 11 2 58 45 50 36 14 60 70 54 6 18 99 19 33 69 53 16 39 76 75 80 40 31 34 23 85 57 64 38 3 92 24 77 48 56 22 9 74 95 62 1 87 66 12 52 42 67 49 32 46 89 61 97 65 5 15 59 100 51 94 41 72 93 73 13 17 86 47 88 10 43 91 4 8 90 37 29 25 26 21 78 96 79 55
100 18
36 93 61 10 62 26 31 80 14 63 9 3 68 30 42 73 8 94
100 27
6 17 63 83 78 75 52 92 84 73 67 14 25 81 19 66 36 68 43 82 11 8 71 12 64 16 87
100 67
24 91 65 28 41 48 32 58 38 80 98 81 13 67 17 99 95 21 45 93 74 56 84 10 94 37 61 82 59 40 73 57 62 3 4 60 46 29 85 16 27 26 66 7 69 9 70 15 76 34 97 64 71 52 90 2 86 96 23 54 33 20 83 12 68 14 5
100 4
34 84 54 78
100 15
24 70 39 38 99 47 30 74 25 3 83 52 85 44 43
100 71
10 29 79 61 76 68 72 98 89 63 6 93 25 9 44 32 85 84 26 37 100 4 35 50 39 90 49 17 97 34 12 96 51 70 48 58 36 8 14 66 47 23 56 55 92 41 57 27 52 67 65 40 94 21 77 5 46 42 87 81 95 82 45 54 30 78 15 7 31 73 1
100 96
57 32 71 50 5 66 52 54 51 90 42 48 55 79 43 60 77 96 22 35 99 62 12 46 80 3 67 44 26 61 58 45 19 64 63 59 24 82 93 75 95 38 6 33 13 25 14 92 70 2 87 20 15 78 91 53 4 97 40 41 1 34 39 69 98 68 81 86 84 16 74 37 17 76 89 72 85 11 36 8 21 49 10 56 18 27 88 31 73 23 7 28 9 94 30 100
100 76
2 35 30 22 69 90 1 89 98 20 33 84 52 10 5 87 68 44 96 37 16 60 28 27 61 49 46 97 56 64 40 29 48 21 81 15 67 38 50 41 36 13 23 75 70 85 79 59 95 32 39 100 45 88 14 76 92 8 11 42 18 43 62 66 26 73 51 54 31 91 82 7 86 19 25 83
100 76
20 15 97 30 52 98 9 8 18 26 69 73 51 43 67 77 62 37 66 16 48 56 84 76 14 4 42 36 99 74 1 65 88 80 54 44 90 82 68 32 89 19 25 12 41 11 39 91 24 92 47 33 35 94 13 81 21 57 63 96 86 61 17 79 34 38 7 78 83 95 64 50 72 85 23 58
100 22
38 28 80 5 14 21 23 82 86 39 22 53 100 45 10 58 79 63 41 8 2 13
100 35
57 82 35 39 72 84 68 99 96 98 46 67 53 94 43 28 59 14 74 86 87 42 4 81 45 75 16 18 52 3 26 22 91 92 62
100 20
26 84 25 10 69 73 4 79 78 56 2 33 37 80 62 8 21 66 55 41
100 78
87 6 20 14 93 77 27 39 71 1 89 60 56 25 83 22 50 47 96 58 65 31 17 48 36 95 61 3 19 82 49 88 63 41 70 85 54 33 72 29 28 75 8 68 46 5 32 53 37 98 34 23 79 94 15 66 73 92 91 11 52 4 45 35 99 62 16 59 69 67 44 57 21 26 42 51 80 9
100 7
28 45 95 7 4 66 12
100 60
68 33 65 89 23 25 2 58 27 76 85 74 41 67 31 91 28 81 78 55 39 9 61 84 30 72 47 93 3 45 98 59 40 60 79 35 12 63 87 38 94 44 80 66 99 95 37 21 69 4 97 29 19 53 92 52 73 11 86 88
100 76
97 49 72 26 22 35 74 62 3 73 23 84 93 56 34 40 53 65 80 25 11 75 12 13 39 91 6 99 44 31 18 82 17 15 95 20 41 10 2 92 86 4 57 30 61 36 55 67 69 59 24 66 64 98 94 71 88 42 58 47 29 100 54 9 90 52 5 96 37 19 68 14 1 60 8 83
100 88
23 30 98 44 79 73 27 58 16 37 67 40 43 74 14 21 2 7 26 20 55 93 47 6 4 91 99 53 77 72 3 78 10 76 71 63 83 24 5 36 86 41 87 90 12 61 13 32 15 49 8 82 64 96 95 31 28 46 84 80 85 56 19 75 35 62 39 9 51 29 81 18 42 45 1 65 88 68 100 38 22 34 50 11 94 59 25 57
100 20
88 63 50 70 52 4 78 84 14 21 83 53 57 33 16 64 80 92 56 44
100 37
53 94 42 64 70 22 81 44 95 74 15 5 20 6 27 61 25 78 9 51 84 19 3 97 2 79 4 65 71 89 88 52 96 33 77 16 12
100 1
97
100 79
36 63 86 59 75 32 93 58 16 34 95 91 5 100 9 21 28 33 23 12 45 90 8 35 97 94 30 66 38 6 7 13 61 47 65 79 2 17 72 76 78 29 50 40 99 89 57 53 92 43 39 19 87 48 67 18 64 56 62 41 1 11 77 83 25 49 88 73 74 3 10 26 14 96 85 55 68 31 82
100 1
42
100 44
91 83 64 93 92 70 72 52 68 36 47 7 66 22 100 65 2 10 39 5 13 86 12 63 85 30 94 50 25 69 54 95 27 14 6 41 40 31 73 97 29 74 75 37
100 99
88 11 82 100 75 91 19 55 29 44 36 62 87 65 84 80 13 21 24 5 27 25 45 38 70 85 93 56 53 12 30 64 51 8 49 34 17 2 39 94 1 97 79 74 99 78 10 28 20 60 81 69 96 18 95 33 58 68 4 83 86 92 48 63 77 32 46 22 6 89 15 67 50 23 47 90 35 16 73 76 52 31 57 7 59 98 14 43 9 72 66 61 37 41 42 54 3 40 26
100 1
58
100 98
20 46 40 90 62 27 14 79 67 60 58 31 88 22 78 64 34 11 1 8 86 100 50 91 61 43 37 70 19 39 45 92 76 98 51 54 5 93 2 15 41 38 85 25 26 77 73 75 32 33 84 68 95 6 57 49 28 42 23 29 53 89 71 24 36 3 81 21 66 52 56 44 94 96 97 63 87 59 72 74 35 80 47 65 48 82 69 13 18 30 17 16 12 10 83 99 9 7
100 46
51 36 25 89 94 59 9 30 43 57 85 92 99 77 75 53 31 48 50 87 15 32 34 5 44 39 84 64 17 10 61 56 35 14 63 1 86 23 91 26 21 60 93 47 11 83
100 39
60 16 42 46 43 93 40 79 59 85 99 9 53 57 13 58 19 4 7 77 30 68 71 51 90 38 22 97 17 44 14 20 75 87 67 76 86 27 41
100 29
64 47 94 12 84 91 16 89 66 9 11 55 46 88 20 45 1 70 14 99 73 85 95 25 17 27 15 80 67
100 89
90 97 14 75 93 99 12 86 40 26 1 43 33 88 87 34 22 52 48 38 2 76 37 65 27 54 47 4 5 95 55 60 91 84 42 70 69 46 18 56 17 49 62 58 50 72 89 9 96 77 83 94 8 53 10 28 79 31 80 6 66 98 67 32 44 11 57 21 74 100 39 71 30 81 63 29 59 25 85 68 78 13 92 82 20 73 64 45 3
100 84
60 91 96 7 28 94 10 21 43 72 92 24 88 38 84 49 81 42 26 69 83 71 3 68 30 75 2 13 90 35 79 78 6 55 65 15 54 51 33 53 14 89 99 76 58 37 5 97 40 82 45 86 80 70 48 39 8 98 27 23 20 11 85 34 46 18 41 77 9 100 93 50 17 73 1 36 12 44 4 16 29 61 62 95
100 6
10 94 28 51 53 39
